# Created by Octave 4.0.0, Fri May 26 15:34:31 2017 Central Daylight Time (Mexico) <unknown@HGDLHERNANDEZES>
# name: A
# type: matrix
# rows: 9
# columns: 9
 47 58 69 80 1 12 23 34 45
 57 68 79 9 11 22 33 44 46
 67 78 8 10 21 32 43 54 56
 77 7 18 20 31 42 53 55 66
 6 17 19 30 41 52 63 65 76
 16 27 29 40 51 62 64 75 5
 26 28 39 50 61 72 74 4 15
 36 38 49 60 71 73 3 14 25
 37 48 59 70 81 2 13 24 35


# name: Data
# type: matrix
# rows: 243
# columns: 3
 1879 5 23449
 2403 6 22033
 2514 9 15442
 3749 6 39932
 2843 3 17061
 3180 7 31649
 3547 10 22923
 1828 10 21641
 3560 3 17030
 2049 8 10054
 3979 10 14795
 3769 5 28199
 2914 6 18456
 1453 6 21949
 1385 5 18944
 2419 5 39224
 2429 5 35369
 2160 4 19186
 3881 7 11138
 2600 5 30276
 2522 5 13591
 1538 7 24688
 3463 9 10089
 3382 6 28461
 3934 8 15856
 2890 7 25936
 3219 7 18078
 3984 10 31200
 3672 7 23424
 3957 7 23038
 3576 8 12288
 1393 5 38429
 2887 9 34975
 3130 3 16942
 1920 4 15085
 2011 3 11526
 1154 9 26927
 3850 4 22042
 1412 6 14450
 2240 4 29042
 3969 4 18710
 3776 7 22447
 2578 5 19049
 3929 10 31661
 3903 3 20294
 1412 6 30973
 1745 7 10899
 3263 3 20271
 1821 7 39799
 3302 9 11717
 3317 9 36225
 2684 9 12184
 3023 5 18655
 1459 5 26765
 3852 5 20457
 1453 4 24988
 1023 6 14093
 3176 7 13895
 3020 8 20119
 2500 7 22708
 1254 3 38913
 3280 10 27607
 3102 7 11679
 2845 5 39632
 2853 4 26409
 1850 10 24055
 2977 5 28856
 2075 5 15441
 2863 4 12594
 3229 5 35616
 3561 10 26819
 1152 6 26624
 2120 3 12910
 3797 8 22244
 3008 8 22009
 1664 6 16931
 3652 8 13424
 2825 7 11193
 2750 8 26092
 1426 9 17782
 3816 8 32926
 3640 10 20184
 3495 10 12809
 2061 10 32956
 3979 6 29454
 1802 7 12838
 3300 5 12342
 3381 10 17270
 1421 8 35185
 2663 5 17023
 1931 10 19221
 2147 7 25403
 3135 3 26915
 1929 4 18871
 2232 7 24191
 3934 8 12894
 3965 6 35586
 1876 5 36539
 2461 8 11410
 1919 6 33047
 2923 9 20400
 2886 6 12875
 2099 4 28919
 2659 10 32716
 1818 10 33284
 1925 5 34921
 1116 10 19417
 1189 4 23576
 1326 7 17896
 1810 5 24223
 1453 8 13513
 3814 5 21716
 2717 10 30946
 3823 4 36837
 3578 6 23084
 3322 9 14100
 2486 8 28307
 1899 7 31269
 2872 9 18328
 1622 5 10832
 3074 10 12854
 3037 7 21336
 3682 4 19769
 3351 3 17041
 1803 4 39915
 2777 8 23735
 2750 9 33037
 1424 10 26219
 3836 9 38549
 1179 10 29410
 3384 9 13707
 1536 8 31057
 1405 3 30218
 2641 10 10802
 3110 3 12726
 3228 9 39657
 3062 10 19367
 2952 3 18482
 2109 6 16827
 3428 5 22859
 1231 9 26778
 3845 4 39184
 2403 6 16447
 2881 10 23995
 1751 3 33879
 2722 8 29687
 3643 3 18429
 3025 5 31344
 1527 9 16911
 3156 9 12847
 2632 6 36958
 1628 3 27289
 3550 7 29217
 1485 7 30940
 1200 9 21135
 3378 9 15963
 3624 7 20427
 2449 3 27091
 2000 9 38265
 3073 8 15105
 3688 6 35267
 2019 3 12501
 2164 6 31169
 2201 3 14383
 3981 6 37165
 3292 10 22106
 1447 8 24877
 2254 8 28251
 3959 10 34202
 1814 4 39143
 1558 4 13240
 2795 3 30253
 2905 8 36544
 2990 7 31673
 1270 8 11113
 2579 9 10129
 1674 8 31568
 3936 3 12277
 1742 7 18057
 3378 8 29544
 1781 7 25551
 1616 4 24292
 3935 7 24085
 3932 3 12150
 2283 8 31496
 1279 9 28508
 1909 9 37749
 1936 6 31243
 3332 4 13962
 1758 3 21130
 3131 8 35783
 3525 5 28212
 3364 7 27207
 3838 10 21949
 3566 8 10933
 1376 7 13624
 2086 9 24183
 3065 6 38050
 2594 3 25154
 1708 9 26363
 2046 8 16136
 3114 10 19274
 3193 6 27673
 1509 6 30885
 1545 7 28506
 3691 3 39860
 2940 5 39807
 1615 7 28478
 2183 7 14848
 2811 9 33188
 3528 7 38468
 1092 10 14603
 3848 3 20198
 1412 6 19442
 3674 3 17855
 1344 10 25273
 2234 6 29652
 1052 5 15899
 2070 5 33959
 2900 10 25782
 1664 9 26489
 2006 5 33984
 1657 7 15422
 1743 7 29216
 3944 3 15349
 3776 6 27674
 3847 8 34229
 1972 7 39885
 2761 6 27038
 3171 5 10241
 3859 10 29523
 3946 5 30980
 1318 9 26574
 2006 3 28949
 1325 8 26482
 2795 10 27760
 3987 7 24753
 2367 5 26486
 3566 8 18616
 1434 6 13048
 2109 7 17505
 2850 3 13967
 2811 6 25093


# name: FeaturesX
# type: matrix
# rows: 243
# columns: 2
 1879 5
 2403 6
 2514 9
 3749 6
 2843 3
 3180 7
 3547 10
 1828 10
 3560 3
 2049 8
 3979 10
 3769 5
 2914 6
 1453 6
 1385 5
 2419 5
 2429 5
 2160 4
 3881 7
 2600 5
 2522 5
 1538 7
 3463 9
 3382 6
 3934 8
 2890 7
 3219 7
 3984 10
 3672 7
 3957 7
 3576 8
 1393 5
 2887 9
 3130 3
 1920 4
 2011 3
 1154 9
 3850 4
 1412 6
 2240 4
 3969 4
 3776 7
 2578 5
 3929 10
 3903 3
 1412 6
 1745 7
 3263 3
 1821 7
 3302 9
 3317 9
 2684 9
 3023 5
 1459 5
 3852 5
 1453 4
 1023 6
 3176 7
 3020 8
 2500 7
 1254 3
 3280 10
 3102 7
 2845 5
 2853 4
 1850 10
 2977 5
 2075 5
 2863 4
 3229 5
 3561 10
 1152 6
 2120 3
 3797 8
 3008 8
 1664 6
 3652 8
 2825 7
 2750 8
 1426 9
 3816 8
 3640 10
 3495 10
 2061 10
 3979 6
 1802 7
 3300 5
 3381 10
 1421 8
 2663 5
 1931 10
 2147 7
 3135 3
 1929 4
 2232 7
 3934 8
 3965 6
 1876 5
 2461 8
 1919 6
 2923 9
 2886 6
 2099 4
 2659 10
 1818 10
 1925 5
 1116 10
 1189 4
 1326 7
 1810 5
 1453 8
 3814 5
 2717 10
 3823 4
 3578 6
 3322 9
 2486 8
 1899 7
 2872 9
 1622 5
 3074 10
 3037 7
 3682 4
 3351 3
 1803 4
 2777 8
 2750 9
 1424 10
 3836 9
 1179 10
 3384 9
 1536 8
 1405 3
 2641 10
 3110 3
 3228 9
 3062 10
 2952 3
 2109 6
 3428 5
 1231 9
 3845 4
 2403 6
 2881 10
 1751 3
 2722 8
 3643 3
 3025 5
 1527 9
 3156 9
 2632 6
 1628 3
 3550 7
 1485 7
 1200 9
 3378 9
 3624 7
 2449 3
 2000 9
 3073 8
 3688 6
 2019 3
 2164 6
 2201 3
 3981 6
 3292 10
 1447 8
 2254 8
 3959 10
 1814 4
 1558 4
 2795 3
 2905 8
 2990 7
 1270 8
 2579 9
 1674 8
 3936 3
 1742 7
 3378 8
 1781 7
 1616 4
 3935 7
 3932 3
 2283 8
 1279 9
 1909 9
 1936 6
 3332 4
 1758 3
 3131 8
 3525 5
 3364 7
 3838 10
 3566 8
 1376 7
 2086 9
 3065 6
 2594 3
 1708 9
 2046 8
 3114 10
 3193 6
 1509 6
 1545 7
 3691 3
 2940 5
 1615 7
 2183 7
 2811 9
 3528 7
 1092 10
 3848 3
 1412 6
 3674 3
 1344 10
 2234 6
 1052 5
 2070 5
 2900 10
 1664 9
 2006 5
 1657 7
 1743 7
 3944 3
 3776 6
 3847 8
 1972 7
 2761 6
 3171 5
 3859 10
 3946 5
 1318 9
 2006 3
 1325 8
 2795 10
 3987 7
 2367 5
 3566 8
 1434 6
 2109 7
 2850 3
 2811 6


